[[179.0, 76.0, 68.0, 60.0, 60.0, 22.0, 36.0, 20.0, 0.0, 16.0, 18.0, 20.0, 2.0, 8.0, 4.0, 10.0], [76.0, 58.0, 24.0, 28.0, 42.0, 4.0, 2.0, 2.0, 0.0, 0.0, 14.0, 2.0, 2.0, 6.0, 0.0, 6.0], [68.0, 24.0, 61.0, 28.0, 34.0, 2.0, 10.0, 8.0, 0.0, 8.0, 10.0, 8.0, 2.0, 4.0, 0.0, 10.0], [60.0, 28.0, 28.0, 36.0, 12.0, 10.0, 2.0, 2.0, 0.0, 0.0, 8.0, 0.0, 0.0, 6.0, 0.0, 2.0], [60.0, 42.0, 34.0, 12.0, 53.0, 14.0, 10.0, 14.0, 4.0, 0.0, 8.0, 12.0, 6.0, 2.0, 2.0, 14.0], [22.0, 4.0, 2.0, 10.0, 14.0, 65.0, 2.0, 4.0, 18.0, 0.0, 4.0, 2.0, 2.0, 2.0, 6.0, 0.0], [36.0, 2.0, 10.0, 2.0, 10.0, 2.0, 33.0, 10.0, 0.0, 2.0, 0.0, 10.0, 2.0, 0.0, 0.0, 10.0], [20.0, 2.0, 8.0, 2.0, 14.0, 4.0, 10.0, 46.0, 0.0, 0.0, 0.0, 10.0, 6.0, 0.0, 2.0, 10.0], [0.0, 0.0, 0.0, 0.0, 4.0, 18.0, 0.0, 0.0, 15.0, 0.0, 2.0, 0.0, 0.0, 4.0, 0.0, 0.0], [16.0, 0.0, 8.0, 0.0, 0.0, 0.0, 2.0, 0.0, 0.0, 9.0, 0.0, 0.0, 0.0, 0.0, 0.0, 0.0], [18.0, 14.0, 10.0, 8.0, 8.0, 4.0, 0.0, 0.0, 2.0, 0.0, 17.0, 0.0, 0.0, 4.0, 0.0, 0.0], [20.0, 2.0, 8.0, 0.0, 12.0, 2.0, 10.0, 10.0, 0.0, 0.0, 0.0, 27.0, 4.0, 0.0, 0.0, 10.0], [2.0, 2.0, 2.0, 0.0, 6.0, 2.0, 2.0, 6.0, 0.0, 0.0, 0.0, 4.0, 20.0, 0.0, 0.0, 4.0], [8.0, 6.0, 4.0, 6.0, 2.0, 2.0, 0.0, 0.0, 4.0, 0.0, 4.0, 0.0, 0.0, 11.0, 0.0, 0.0], [4.0, 0.0, 0.0, 0.0, 2.0, 6.0, 0.0, 2.0, 0.0, 0.0, 0.0, 0.0, 0.0, 0.0, 11.0, 0.0], [10.0, 6.0, 10.0, 2.0, 14.0, 0.0, 10.0, 10.0, 0.0, 0.0, 0.0, 10.0, 4.0, 0.0, 0.0, 10.0]]