[[115.0, 114.0, 100.0, 38.0, 40.0, 34.0, 26.0, 6.0, 10.0, 8.0, 12.0, 10.0, 16.0, 10.0, 16.0, 2.0], [114.0, 85.0, 66.0, 30.0, 40.0, 26.0, 16.0, 8.0, 8.0, 14.0, 12.0, 16.0, 12.0, 6.0, 12.0, 0.0], [100.0, 66.0, 77.0, 14.0, 40.0, 32.0, 14.0, 4.0, 8.0, 6.0, 10.0, 4.0, 8.0, 4.0, 14.0, 0.0], [38.0, 30.0, 14.0, 38.0, 4.0, 4.0, 8.0, 2.0, 2.0, 16.0, 2.0, 22.0, 0.0, 4.0, 0.0, 0.0], [40.0, 40.0, 40.0, 4.0, 58.0, 20.0, 2.0, 12.0, 2.0, 0.0, 8.0, 0.0, 6.0, 2.0, 6.0, 0.0], [34.0, 26.0, 32.0, 4.0, 20.0, 30.0, 6.0, 2.0, 0.0, 0.0, 8.0, 0.0, 10.0, 2.0, 8.0, 0.0], [26.0, 16.0, 14.0, 8.0, 2.0, 6.0, 17.0, 0.0, 4.0, 0.0, 2.0, 0.0, 0.0, 0.0, 4.0, 2.0], [6.0, 8.0, 4.0, 2.0, 12.0, 2.0, 0.0, 13.0, 0.0, 0.0, 4.0, 0.0, 2.0, 0.0, 4.0, 0.0], [10.0, 8.0, 8.0, 2.0, 2.0, 0.0, 4.0, 0.0, 6.0, 0.0, 0.0, 0.0, 0.0, 0.0, 2.0, 0.0], [8.0, 14.0, 6.0, 16.0, 0.0, 0.0, 0.0, 0.0, 0.0, 12.0, 0.0, 14.0, 0.0, 2.0, 0.0, 0.0], [12.0, 12.0, 10.0, 2.0, 8.0, 8.0, 2.0, 4.0, 0.0, 0.0, 9.0, 0.0, 2.0, 0.0, 8.0, 0.0], [10.0, 16.0, 4.0, 22.0, 0.0, 0.0, 0.0, 0.0, 0.0, 14.0, 0.0, 14.0, 0.0, 2.0, 0.0, 0.0], [16.0, 12.0, 8.0, 0.0, 6.0, 10.0, 0.0, 2.0, 0.0, 0.0, 2.0, 0.0, 11.0, 0.0, 4.0, 0.0], [10.0, 6.0, 4.0, 4.0, 2.0, 2.0, 0.0, 0.0, 0.0, 2.0, 0.0, 2.0, 0.0, 8.0, 0.0, 0.0], [16.0, 12.0, 14.0, 0.0, 6.0, 8.0, 4.0, 4.0, 2.0, 0.0, 8.0, 0.0, 4.0, 0.0, 11.0, 0.0], [2.0, 0.0, 0.0, 0.0, 0.0, 0.0, 2.0, 0.0, 0.0, 0.0, 0.0, 0.0, 0.0, 0.0, 0.0, 2.0]]